1;forest/fondoBosque;1;0;0;0;3ADI;-1;0;2;1D;0;1;3;1B;1;0;2;2DI;2;0;1;2DI;3;0;2;4ABDI;3;-1;6;1A;3;1;5;1B;4;0;4;1I
1;forest/fondoBosque;2;0;0;0;4ABDI;-1;0;3;1D;0;1;2;1B;1;0;2;2DI;2;0;5;1I;0;-1;2;2AB;-1;-2;7;1D;0;-2;6;3ADI;1;-2;4;1I
1;forest/fondoBosque;3;0;0;0;3ADI;0;1;2;2AB;0;2;5;1B;1;0;2;2DI;2;0;3;1I;-1;0;2;2BD;-1;-1;7;3ABI;-2;-1;6;1D;-1;-2;4;1A
1;forest/fondoBosque;4;0;0;0;2DI;-1;0;2;1D;1;0;2;2DI;2;0;2;2DI;3;0;1;4ABDI;3;1;3;1B;3;-1;5;1A;4;0;6;2DI;5;0;4;1I
1;forest/fondoBosque;5;0;0;0;3BDI;-1;0;5;1D;0;-1;2;2AB;0;-2;3;1A;1;0;2;2DI;2;0;2;2DI;3;0;6;2DI;4;0;4;1I
1;forest/fondoBosque;6;0;0;0;2DI;-1;0;2;2DI;-2;0;3;1D;1;0;2;2DI;2;0;1;3ABI;2;1;2;3ABD;2;2;5;1B;3;1;6;1I;2;-1;1;2AD;3;-1;4;1I
1;forest/fondoBosque;7;0;0;0;4ABDI;-1;0;7;1D;0;1;2;2AB;0;2;3;1B;1;0;2;1I;0;-1;2;2AB;0;-2;6;3ADI;-1;-2;4;1D;1;-2;5;1I
1;forest/fondoBosque;8;0;0;0;2DI;-1;0;2;2BD;-1;-1;2;2AI;-2;-1;3;1D;1;0;2;4ABDI;1;1;5;1B;1;-1;6;1A;2;0;4;1I
2;tundra/tundra;9;0;0;0;2BD;-2;0;6;1B;-2;-1;1;3ABD;-2;-2;4;1A;-1;-1;2;2DI;0;-1;1;4ABDI;0;-2;2;2AD;1;0;2;3BDI;1;-1;1;4ABDI;1;-2;2;3ABI;1;-3;3;1A;2;1;6;1B;2;0;1;4ABDI;2;-1;2;2AI;3;0;5;1I
2;tundra/tundra;10;0;0;0;2DI;-2;2;6;1D;-2;-2;5;1D;-1;2;2;3BDI;-1;1;2;2AB;-1;0;2;3ABD;-1;-1;2;2AB;-1;-2;1;3ADI;0;2;1;2DI;0;-2;2;3BDI;0;-3;6;2AB;0;-4;4;1A;1;2;2;3BDI;1;1;1;2AB;1;0;2;3ABI;1;-1;1;2AB;1;-2;7;2AI;2;2;3;1I
2;tundra/tundra;11;0;0;0;2DI;-5;-2;4;1D;-4;-2;6;2DI;-3;0;7;2BD;-3;-1;1;2AB;-3;-2;2;3ADI;-2;0;1;2DI;-2;-2;1;2DI;-1;0;2;2DI;-1;-2;2;3BDI;-1;-3;3;1A;0;-2;2;2DI;1;0;1;2DI;1;-2;2;3BDI;1;-3;5;1A;2;0;2;2DI;2;-2;1;2DI;3;0;2;3BDI;3;-1;1;2AB;3;-2;7;2AI;4;0;6;1I
2;tundra/tundra;12;0;0;0;3ABI;-3;-1;3;1D;-2;-1;7;2DI;-1;3;2;1D;-1;0;2;2BD;-1;-1;2;4ABDI;-1;-2;2;1A;0;3;2;3BDI;0;2;2;2AB;0;1;1;2AB;0;-1;1;3ADI;1;3;6;2DI;1;-1;2;2DI;2;3;4;1I;2;0;1;2BD;2;-1;2;3ABI;2;-2;6;1A;3;0;5;1I
2;tundra/tundra;13;0;0;0;1B;-3;-3;3;1D;-2;-1;2;1B;-2;-2;1;3ABD;-2;-3;2;2AI;-1;-2;2;2DI;0;-1;1;2AB;0;-2;2;4ABDI;0;-3;6;1A;1;1;4;1D;1;-2;2;2DI;2;1;6;2BI;2;0;2;2AB;2;-1;2;2AB;2;-2;1;4ABDI;2;-3;5;1A;3;-2;7;1I
2;tundra/tundra;14;0;0;0;4ABDI;-2;2;1;2BD;-2;1;1;3ABD;-2;0;2;3ABD;-2;-1;1;3ABD;-2;-2;7;2AD;-1;2;2;3BDI;-1;1;6;4ABDI;-1;0;1;4ABDI;-1;-1;2;4ABDI;-1;-2;1;4ABDI;-1;-3;3;1A;0;2;1;3BDI;0;1;2;4ABDI;0;-1;1;4ABDI;0;-2;2;3ADI;1;3;5;1B;1;2;1;4ABDI;1;1;1;4ABDI;1;0;1;4ABDI;1;-1;2;4ABDI;1;-2;2;3ADI;2;2;2;2BI;2;1;2;4ABDI;2;0;1;3ABI;2;-1;2;3ABI;2;-2;1;2AI;3;1;6;2DI;4;1;4;1I
2;tundra/tundra;15;0;0;0;3ABD;-1;-1;6;1D;0;2;1;2BD;0;1;2;2AB;0;-1;2;2AI;1;2;1;2DI;1;0;2;2DI;2;2;2;2DI;2;0;1;2DI;2;-1;7;2AD;3;2;1;3BDI;3;1;1;2AB;3;0;2;3ABI;3;-1;1;3ADI;4;2;5;1I;4;-1;2;3BDI;4;-2;6;2AB;4;-3;4;1A;5;0;1;2BD;5;-1;2;2AI;6;0;3;1I
2;tundra/tundra;16;0;0;0;3BDI;-5;0;2;2BD;-5;-1;6;1A;-4;1;3;1B;-4;0;2;3ADI;-3;0;1;3BDI;-3;-1;2;1A;-2;1;1;1B;-2;0;2;3ADI;-2;-4;4;1D;-1;0;1;2DI;-1;-2;2;1D;-1;-4;6;2DI;0;-1;1;3ABD;0;-2;2;3ABI;0;-3;1;3ABD;0;-4;2;2AI;1;0;2;2BI;1;-1;2;2AI;1;-3;5;1I
3;hell/hell;17;0;0;0;4ABDI;-3;3;4;1B;-3;2;6;2AD;-2;5;3;1D;-2;2;2;2DI;-2;0;6;1D;-2;-2;2;2BD;-2;-3;6;1A;-1;5;2;2DI;-1;3;7;2BD;-1;2;2;3ADI;-1;0;2;2DI;-1;-2;2;2DI;0;5;1;2BI;0;4;2;2AB;0;3;1;2AB;0;2;2;4ABDI;0;1;1;2AB;0;-1;1;2AB;0;-2;2;3ABI;0;-3;2;2AD;1;4;2;2DI;1;2;2;1I;1;0;2;2DI;1;-3;5;1I;2;5;2;1B;2;4;1;3ADI;2;0;1;2BI;2;-1;2;2AD;3;4;1;2BI;3;3;2;1A;3;-1;1;2DI;4;0;2;2BD;4;-1;1;3ABI;4;-2;7;1A;5;1;3;1B;5;0;2;3ADI;6;0;2;1I
3;hell/hell;18;0;0;0;3ADI;-3;-2;6;1D;-2;0;1;2BD;-2;-1;2;2AB;-2;-2;2;3ADI;-2;-4;3;1D;-1;0;2;2DI;-1;-2;1;3BDI;-1;-3;2;2AB;-1;-4;1;2AI;0;3;2;2BD;0;2;1;2AB;0;1;1;2AB;0;-2;2;2DI;1;4;5;1B;1;3;2;3ADI;1;0;2;2DI;1;-2;1;3BDI;1;-3;6;1A;2;3;1;2DI;2;0;1;2DI;2;-2;2;2DI;3;4;7;2BD;3;3;2;4ABDI;3;2;1;3ABD;3;1;2;2AB;3;0;2;3ABI;3;-1;1;2AB;3;-2;2;3ADI;4;4;1;3BDI;4;3;2;4ABDI;4;2;1;3ADI;4;-2;1;2DI;5;5;3;1B;5;4;2;2BI;5;3;1;4ABDI;5;2;2;3ADI;5;-2;2;2DI;6;3;3;3BI;6;2;1;3ABI;6;1;2;3ABD;6;0;2;2AB;6;-1;1;2AB;6;-2;2;2AI;7;1;6;2DI;8;1;4;1I
3;hell/hell;19;0;0;0;2AB;-3;3;2;1D;-3;1;7;2BD;-3;0;2;3ABD;-3;-1;3;1A;-2;3;1;3BDI;-2;2;1;2AB;-2;1;2;4ABDI;-2;0;2;2AI;-1;5;4;1B;-1;4;6;2AB;-1;3;2;2AI;-1;1;1;2DI;-1;-1;7;1D;0;1;2;2DI;0;-1;1;3ABI;0;-2;2;2AD;1;1;2;2DI;1;-2;1;2BI;1;-3;2;2AD;1;-4;6;1A;2;4;2;1D;2;2;1;2BD;2;1;2;2AI;2;-3;2;2DI;3;4;1;3BDI;3;3;2;2AB;3;2;1;3ADI;3;0;2;1D;3;-2;1;2BD;3;-3;1;2AI;4;4;6;1I;4;2;2;2BI;4;1;2;2AB;4;0;1;3ABI;4;-1;2;2AB;4;-2;2;3ADI;5;1;5;1I;5;-2;3;1I